% JSim data: Diameter(Pressure) units=um;
Diameter = [ 88.043 93.478 101.087 121.739 114.13 107.609 101.087 97.826 102.174 108.696 131.522 144.565 ];
Diameter__1 = [ 10 15 20 40 60 80 100 120 140 160 180 200 ];

% JSim data: WallThickness(Pressure) units=um;
WallThickness = [ 9.885809915 9.409372381 8.809267351 7.491319409 7.931306241 8.348776826 8.809267351 9.057571577 8.729278462 8.276361905 6.989358906 6.412260983 ];
WallThickness__1 = [ 10 15 20 40 60 80 100 120 140 160 180 200 ];

% JSim data: TotalStress(Pressure) units=kilopascal;
TotalStress = [ 5.936844469 9.933747333 15.29884371 43.33157766 57.55452094 68.7367233 76.49421853 86.39664183 109.2353435 140.077108 225.7910182 300.5765261 ];
TotalStress__1 = [ 10 15 20 40 60 80 100 120 140 160 180 200 ];

% JSim data: Strain(Pressure) units=dimensionlesss;
Strain = [ 1.039268349 1.103423631 1.193241025 1.437019292 1.347201898 1.270227364 1.193241025 1.154747856 1.206072082 1.28305842 1.552498799 1.706459672 ];
Strain__1 = [ 10 15 20 40 60 80 100 120 140 160 180 200 ];

