% JSim data: Diameter(Time);
Diameter = [ 115 116 116 116 138 142 140 137 134 132 130 124 117 112 107 103 99.9 95.3 91.7 90.7 89.3 88.4 87 86.4 85.7 85.4 84.4 83.7 83.1 83 82.7 82.4 82.7 82.7 82.7 84.3 82.7 84.3 ];
Diameter__1 = [ 14.8 30.5 43.7 60.6 60.7 63.2 70.4 72.8 77.6 81.2 93.2 103 114 123 133 142 153 163 174 182 193 203 213 223 233 244 253 264 272 282 293 304 316 324 334 345 353 364 ];

