% JSim data: Diameter(Pressure) units=um;
Diameter = [ 88.043 93.478 101.087 121.739 114.13 107.609 101.087 97.826 102.174 108.696 131.522 144.565 ];
Diameter__1 = [ 10 15 20 40 60 80 100 120 140 160 180 200 ];

