% JSim data: Pressure(Time);
Pressure = [ 50.5192 50.4477 50.3875 50.331 119.606 120.237 120.098 119.906 119.736 119.582 120.224 120.13 120.029 119.919 119.788 ];
Pressure__1 = [ 0 21.146 40.6238 58.8841 60.7112 89.9342 134.976 197.062 251.843 301.755 327.325 357.759 390.628 425.931 468.539 ];

