% JSim data: Strain(Pressure) units=dimensionlesss;
Strain = [ 1.039268349 1.103423631 1.193241025 1.437019292 1.347201898 1.270227364 1.193241025 1.154747856 1.206072082 1.28305842 1.552498799 1.706459672 ];
Strain__1 = [ 10 15 20 40 60 80 100 120 140 160 180 200 ];

