% JSim data: TotalStress(Pressure) units=kilopascal;
TotalStress = [ 5.936844469 9.933747333 15.29884371 43.33157766 57.55452094 68.7367233 76.49421853 86.39664183 109.2353435 140.077108 225.7910182 300.5765261 ];
TotalStress__1 = [ 10 15 20 40 60 80 100 120 140 160 180 200 ];

