% JSim data: WallThickness(Pressure) units=um;
WallThickness = [ 9.885809915 9.409372381 8.809267351 7.491319409 7.931306241 8.348776826 8.809267351 9.057571577 8.729278462 8.276361905 6.989358906 6.412260983 ];
WallThickness__1 = [ 10 15 20 40 60 80 100 120 140 160 180 200 ];

